0	130
131	468
469	651
652	687
688	726
727	830
831	849
850	993
994	1054
1055	1374
1375	1407
1408	1513
1514	1592
1593	3698
3699	4105
4106	5150
5151	5957
5958	6181
6182	6376
6377	6443
6444	6550
6551	6597
6598	6697
6698	6839
6840	7376
7377	7547
7548	7676
7677	7781
7782	7831
7832	7972
7973	8039
8040	8136
8137	8220
8221	8345
8346	8409
8410	8521
8522	9045
9046	9149
9150	9261
9262	9341
9342	9422
9423	9485
9486	9603
9604	9655
9656	9758
9759	9860
9861	9976
9977	10077
10078	10924
10925	11048
11049	11305
11306	11944
11945	12952
12953	13263
13264	13362
13363	13532
13533	14476
14477	14659
14660	15342
15343	15579
15580	15700
15701	16539
16540	16556
16557	16689
16690	16778
16779	17096
17097	17275
17276	17582
17583	17682
17683	17785
17786	17944
17945	18045
18046	18113
18114	18199
18200	18809
18810	18940
18941	18986
18987	19330
19331	19773
19774	19936
19937	20083
20084	20170
20171	20284
20285	26725
26726	26751
26752	26812
26813	26841
26842	26860
26861	26883
26884	26957
26958	27058
27059	27167
27168	27234
27235	27302
27303	27371
27372	27410
27411	27442
27443	28248
28249	28560
28561	29386
29387	29779
29780	30499
30500	31582
31583	32045
32046	32112
32113	32365
32366	33458
33459	33523
33524	33681
33682	33754
33755	33903
33904	33973
33974	34286
34287	34400
34401	34521
34522	34597
34598	34634
34635	34712
34713	34762
34763	34929
34930	34969
34970	35042
35043	35098
35099	35132
35133	35181
35182	35247
35248	35282
35283	35360
35361	35389
35390	35506
35507	35550
35551	35603
35604	35644
35645	35690
35691	35709
35710	35779
35780	35867
35868	35951
35952	36076
36077	36126
36127	36317
36318	36336
36337	36362
36363	36389
36390	36410
36411	36427
36428	36470
36471	36613
36614	36764
36765	36821
36822	36837
36838	36856
36857	36878
36879	36914
36915	36927
36928	36952
36953	36974
36975	37018
37019	37068
37069	37109
37110	37134
37135	37177
37178	37213
37214	37536
37537	37556
37557	37586
37587	37598
37599	37632
37633	37662
37663	37685
37686	37714
37715	37728
37729	37757
37758	37801
37802	37878
37879	37911
37912	37964
37965	37989
37990	38012
38013	38035
38036	38061
38062	38092
38093	38120
38121	38249
38250	38285
38286	38613
38614	38694
38695	38826
38827	38850
38851	38869
38870	38898
38899	38951
38952	39012
39013	39056
39057	39129
39130	39165
39166	39198
39199	39227
39228	39260
39261	39317
39318	39360
39361	39530
39531	39756
39757	42706
42707	42778
42779	43249
43250	43515
43516	43637
43638	43773
43774	43872
43873	44031
44032	44172
44173	44321
44322	44918
44919	44960
44961	45103
45104	45162
45163	45216
45217	45413
45414	46013
46014	46079
46080	46248
46249	46308
46309	46709
46710	47788
47789	47950
47951	48135
48136	48222
48223	48866
48867	48920
48921	48960
48961	48988
48989	49071
49072	49098
49099	49203
49204	49250
49251	49290
49291	49343
49344	49372
49373	49398
49399	49426
49427	49451
49452	49487
49488	49515
49516	49550
49551	49569
49570	49611
49612	49748
49749	49773
49774	49851
49852	49953
49954	50015
50016	50264
50265	50343
50344	50405
50406	50469
50470	50537
50538	50667
50668	51564
51565	52014
52015	52331
52332	52594
52595	52946
52947	53006
53007	53048
53049	53090
53091	53112
53113	53194
53195	53281
53282	53294
53295	53323
53324	53363
53364	53416
53417	53450
53451	53483
53484	53521
53522	53572
53573	53612
53613	53620
53621	53663
53664	53704
53705	53751
53752	53895
53896	53967
53968	54583
54584	55096
55097	55247
55248	55365
55366	55453
55454	55823
55824	55895
55896	55981
55982	56025
56026	56202
56203	56303
56304	56372
56373	56437
56438	57115
57116	57490
57491	57640
57641	57713
57714	57807
57808	58028
58029	58121
58122	58237
58238	58489
58490	59021
59022	59589
59590	59776
59777	60092
60093	60583
60584	61203
61204	61725
61726	62114
62115	62358
62359	62523
62524	62607
62608	62734
62735	62858
62859	63017
63018	63099
63100	63214
63215	63287
63288	63371
63372	63497
63498	63631
63632	63748
63749	63908
63909	64204
64205	64476
64477	64587
64588	64790
64791	64936
64937	65138
65139	66338
66339	66397
66398	66478
66479	66599
66600	66750
66751	66851
66852	66938
66939	67421
67422	67674
67675	67942
67943	68127
68128	68508
68509	68745
68746	68834
68835	69322
69323	69869
69870	70080
70081	70466
70467	71115
71116	71362
71363	71994
71995	72307
72308	72370
72371	72753
72754	73246
73247	73334
73335	73540
73541	73966
73967	74159
74160	74411
74412	74532
74533	74632
74633	74640
74641	76494
76495	76720
76721	76864
76865	76927
76928	76962
76963	77032
77033	77090
77091	77129
77130	77152
77153	77239
77240	77267
77268	77357
77358	77421
77422	77469
77470	77615
77616	78256
78257	78512
78513	78556
78557	78608
78609	78645
78646	78677
78678	78712
78713	78753
78754	78819
78820	78865
78866	78879
78880	78924
78925	78953
78954	79024
79025	79045
79046	79075
79076	79121
79122	79146
79147	79190
79191	79210
79211	79257
79258	79297
79298	79356
79357	79411
79412	79591
79592	80174
80175	80196
80197	80224
80225	80321
80322	80329
80330	80383
80384	80420
80421	80440
80441	80459
80460	80495
80496	80531
80532	80543
80544	80591
80592	80692
80693	80784
80785	80889
80890	80932
80933	80989
80990	81036
81037	81049
81050	81074
81075	81102
81103	81115
81116	81208
81209	81226
81227	81267
81268	81325
81326	81376
81377	82598
82599	82820
82821	82947
82948	83094
83095	83425
83426	83794
83795	84361
84362	84409
84410	84523
84524	84607
84608	84668
84669	84730
84731	84803
84804	84873
84874	84922
84923	84948
84949	85135
85136	85345
85346	85383
85384	85459
85460	85604
85605	85789
85790	85967
85968	86059
86060	86646
86647	86835
86836	87436
87437	87969
87970	88531
88532	88714
88715	88898
88899	88991
88992	89082
89083	89339
89340	89714
89715	89868
89869	90253
90254	90340
90341	90404
90405	90667
90668	90783
90784	90851
90852	90902
90903	90923
90924	90967
90968	91142
91143	91199
91200	91234
91235	91304
91305	91314
91315	91370
91371	91434
91435	91464
91465	91511
91512	91598
91599	92061
92062	92902
92903	94202
94203	95403
95404	96146
96147	96282
96283	96916
96917	97003
97004	97201
97202	97472
97473	97758
97759	98188
98189	98504
98505	98592
98593	98677
98678	98736
98737	98787
98788	98821
98822	98945
98946	99108
99109	99215
99216	99279
99280	99381
99382	99459
99460	99557
99558	99742
99743	99974
99975	100066
100067	100949
100950	101268
101269	102224
102225	102513
102514	102587
102588	102601
102602	102627
102628	102641
102642	102656
102657	102670
102671	102696
102697	102821
102822	102968
102969	103269
103270	103566
103567	103644
103645	103681
103682	103759
103760	103809
103810	104016
104017	104464
104465	104510
104511	104550
104551	104578
104579	104661
104662	104688
104689	104793
104794	104840
104841	104880
104881	104933
104934	104962
104963	104988
104989	105016
105017	105041
105042	105077
105078	105105
105106	105140
105141	105159
105160	105201
105202	105338
105339	105363
105364	106258
106259	106739
106740	107053
107054	107156
107157	107404
107405	107489
107490	108052
108053	109029
109030	109242
109243	109297
109298	109329
109330	109968
109969	110347
110348	111524
111525	111702
111703	112252
112253	112472
112473	113041
113042	113199
113200	113630
113631	113677
113678	113874
113875	114005
114006	114474
114475	115476
115477	115569
115570	115641
115642	115706
115707	115803
115804	115881
115882	115943
115944	116006
116007	116095
116096	116188
116189	116260
116261	116325
116326	116422
116423	116430
116431	116522
116523	116617
116618	116717
116718	116807
116808	116897
116898	117039
117040	117189
117190	117339
117340	117454
117455	117580
117581	117782
117783	117901
117902	118106
118107	118186
118187	118564
118565	118821
118822	118870
118871	119352
119353	119586
119587	119801
119802	119912
119913	123307
123308	124049
124050	125031
125032	125096
125097	125182
125183	125411
125412	125781
125782	125814
125815	125849
125850	126203
126204	126239
126240	126852
126853	126926
126927	126997
126998	127068
127069	127139
127140	127935
127936	128877
128878	128991
128992	129189
129190	129592
129593	130018
130019	130211
130212	130463
130464	130584
130585	130684
130685	130692
130693	131081
131082	131271
131272	131285
131286	131458
131459	131710
131711	132187
132188	132398
132399	132467
132468	132573
132574	132686
132687	132822
132823	132942
132943	133144
133145	133176
133177	133413
133414	133426
133427	133470
133471	133507
133508	133556
133557	133603
133604	133692
133693	133752
133753	133807
133808	133872
133873	133930
133931	133987
133988	134067
134068	134110
134111	134140
134141	134322
134323	134639
134640	134902
134903	134978
134979	135221
135222	135292
135293	135351
135352	135378
135379	135445
135446	135475
135476	135501
135502	135536
135537	135574
135575	135631
135632	135676
135677	135696
135697	135729
135730	135748
135749	135786
135787	135809
135810	135829
135830	135855
135856	135873
135874	135892
135893	135921
135922	135944
135945	136038
136039	136123
136124	136133
136134	136189
136190	136254
136255	136283
136284	136330
136331	136418
136419	136467
136468	136613
136614	136859
136860	136971
136972	137026
137027	137170
137171	137311
137312	137919
137920	138011
138012	138213
138214	138409
138410	138446
138447	138468
138469	138602
138603	138836
138837	140695
140696	141640
141641	141805
141806	143427
143428	143671
143672	144811
144812	144937
144938	145060
145061	145125
145126	145183
145184	145625
145626	145866
145867	146327
146328	148543
148544	148848
148849	149125
149126	149332
149333	149393
149394	149609
149610	149658
149659	149747
149748	151605
151606	152186
152187	152380
152381	152454
152455	152552
152553	152638
152639	152670
152671	152784
152785	153111
153112	153143
153144	153287
153288	153328
153329	153479
153480	153601
153602	153660
153661	153694
153695	153756
153757	153814
153815	154131
154132	154189
154190	154229
154230	154261
154262	154285
154286	154301
154302	154334
154335	154371
154372	154411
154412	154459
154460	154505
154506	154564
154565	154585
154586	154619
154620	154668
154669	154710
154711	154770
154771	154811
154812	154890
154891	155000
155001	155131
155132	155157
155158	155252
155253	155479
155480	155505
155506	155881
155882	155917
155918	155950
155951	156091
156092	156125
156126	156264
156265	156367
156368	156388
156389	156469
156470	156490
156491	156514
156515	156542
156543	156727
156728	156794
156795	156839
156840	156891
156892	156928
156929	156960
156961	156995
156996	157036
157037	157102
157103	157148
157149	157162
157163	157207
157208	157236
157237	157307
157308	157328
157329	157358
157359	157404
157405	157429
157430	157473
157474	157493
157494	157540
157541	157580
157581	157639
157640	157694
157695	157797
157798	157808
157809	157907
157908	157980
157981	158592
158593	158629
158630	158811
158812	158898
158899	159973
159974	160392
160393	160986
160987	161219
161220	161485
161486	161790
161791	162384
162385	162591
162592	162972
162973	163341
163342	163968
163969	164525
164526	165507
165508	165962
165963	166360
166361	166431
166432	166815
166816	166985
166986	167461
167462	168206
168207	168482
168483	168751
168752	168888
168889	168993
168994	169050
169051	169196
169197	169313
169314	169385
169386	169419
169420	169558
169559	169666
169667	169737
169738	169804
169805	169881
169882	169982
169983	170140
170141	170161
170162	170280
170281	170455
170456	170566
170567	170685
170686	170901
170902	171186
171187	171302
171303	171464
171465	171585
171586	171689
171690	171773
171774	171902
171903	172038
172039	172194
172195	172254
172255	172269
172270	172355
172356	172459
172460	172509
172510	172574
172575	172670
172671	172707
172708	172742
172743	172802
172803	172869
172870	172937
172938	172986
172987	173029
173030	173056
173057	173115
173116	173173
173174	173190
173191	173246
173247	173326
173327	173364
173365	173409
173410	173439
173440	173509
173510	173542
173543	173606
173607	173682
173683	173719
173720	173797
173798	173847
173848	174014
174015	174054
174055	174067
174068	174155
174156	174347
174348	174400
174401	174503
174504	174555
174556	174581
174582	174778
174779	175183
175184	175314
175315	175519
175520	175629
175630	175692
175693	175736
175737	175914
175915	176149
176150	176197
176198	176739
176740	177013
177014	177712
177713	177954
177955	178372
178373	180631
180632	181024
181025	182253
182254	182302
182303	182398
182399	182877
182878	182910
182911	182930
182931	182944
182945	182966
182967	182988
182989	183012
183013	183040
183041	183067
183068	183113
183114	183158
183159	183325
183326	183775
183776	183904
183905	183958
183959	184021
184022	184113
184114	184209
184210	184241
184242	184281
184282	184394
184395	184453
184454	184516
184517	184549
184550	184597
184598	184674
184675	184760
184761	184814
184815	184862
184863	184942
184943	184982
184983	185054
185055	185120
185121	185437
185438	185700
185701	186107
186108	186195
186196	186225
186226	186253
186254	186279
186280	186346
186347	186467
186468	186517
186518	186618
186619	186784
186785	186879
186880	186920
186921	187104
187105	187283
187284	187300
187301	187326
187327	187414
187415	187815
187816	187839
187840	188019
188020	188155
188156	188271
188272	188483
188484	192330
192331	192446
192447	192658
192659	192839
192840	192926
192927	193020
193021	193113
193114	193203
193204	193364
193365	193546
193547	193894
193895	194065
194066	194181
194182	194393
194394	194543
194544	194709
194710	195513
195514	195741
195742	196487
196488	196525
196526	196567
196568	196618
196619	196656
196657	196691
196692	196733
196734	196774
196775	196826
196827	197207
197208	197282
197283	197370
197371	197428
197429	197491
197492	197565
197566	197642
197643	197699
197700	197715
197716	197734
197735	197756
197757	197792
197793	197805
197806	197830
197831	197852
197853	197896
197897	197946
197947	197987
197988	198012
198013	198055
198056	198091
198092	198416
198417	200205
200206	200233
200234	200420
200421	200495
200496	200508
200509	200536
200537	200555
200556	200597
200598	200634
200635	200747
200748	200781
200782	200808
200809	200821
200822	201128
201129	201607
201608	201872
201873	202168
202169	202218
202219	202248
202249	202319
202320	202419
202420	202522
202523	202850
202851	203563
203564	203654
203655	203718
203719	204013
204014	204176
204177	205602
205603	205647
205648	205679
205680	205703
205704	205732
205733	205757
205758	205787
205788	205828
205829	205847
205848	205859
205860	205894
205895	205920
205921	205945
205946	205973
205974	206025
206026	206078
206079	206126
206127	206159
206160	206201
206202	206227
206228	206249
206250	206272
206273	206300
206301	206441
206442	206499
206500	206559
206560	206644
206645	206700
206701	206723
206724	206751
206752	206784
206785	206950
206951	207095
207096	207158
207159	207193
207194	207263
207264	207321
207322	207360
207361	207383
207384	207470
207471	207498
207499	207588
207589	207652
207653	207846
207847	207890
207891	208517
208518	209221
209222	209747
209748	209846
209847	209855
209856	209903
209904	210127
210128	210193
210194	210496
210497	210894
210895	210986
210987	211216
211217	211319
211320	211371
211372	211416
211417	211451
211452	211669
211670	211796
211797	211898
211899	211960
211961	212046
212047	212163
212164	212203
212204	212247
212248	212308
212309	212523
212524	212598
212599	212875
212876	212913
212914	212972
212973	213100
213101	213207
213208	213308
213309	213359
213360	213425
213426	213708
213709	213907
213908	213971
213972	214003
214004	214593
214594	215661
215662	215784
